1,1
4,2
241,3
566,4
851,5
895,6
1000,7
1115,8
1121,9
1233,10
1234,11
1238,12
1532,13
1743,14
2191,15
2193,16
2429,17
2458,18
2797,19
3070,20
3213,21
3389,22
3459,23
3503,24
3521,25
3525,26
3533,30



4382,33


5022,34
5023,37


5382,40


5854,43


6451,46


7038,48

7558,50

7559,52

7584,56



8706,59


8913,60
9787,63


9941,66


10415,69


12881,70
13533,72

13536,74

13866,76

13868,77
13921,78
13924,79
14225,80
14226,82

14228,84

15625,85
15626,86
15633,90



16843,92

16844,95


17315,98


17637,100

17842,102

17863,104

17908,105
18027,106
18036,107
18104,108
18162,109
18173,110
18221,111
18257,112
18259,113
18283,114
18294,115
18298,116
18504,117
18757,118
19282,119
19285,120
19357,121
19417,122
19502,123
19606,124
19649,125
19686,126
19812,127
19815,128
20423,130

20465,134



20940,138



21213,139
21658,141

21660,144


22201,147


22764,150


23177,156





23403,160



23819,163


24077,164
24105,167


24245,169

24493,170
24517,173


24794,174
25401,176

25402,180



25646,182

25686,186



26389,188

26887,190

26888,193


27111,194
27112,196

27114,202





27728,204

27979,206

27980,208

28169,209
28171,210
28176,211
28223,213

28299,214
28302,215
28330,218


28331,219
28333,220
28394,221
28791,222
30396,223
30407,225

30409,226
30505,227
30557,229

30585,233



30589,234
30590,238



30733,240

30816,242

30817,248





30879,254





31027,260





31175,261
31240,262
31241,264

31242,267


31344,268
31350,271


31552,273

31559,274
31671,275
31702,277

31703,278
31717,280

31718,281
31730,282
31731,284

31735,286

31739,290



32258,294



32637,297


33110,298
33113,299
33114,300
33115,304



33543,306

33544,309


33733,310
33734,312

33772,313
34796,316


34797,317
35375,319

35376,320
35377,325




36114,326
36116,330



36790,332

36791,336



37138,338

37198,342



37426,346



37756,352





37917,357




38200,358
38201,362



38333,364

38346,365
38373,366
38524,367
38596,368
38626,369
38636,370
38700,371
38710,372
38715,374

38742,375
38748,376
38778,377
38811,378
38847,379
38867,381

38999,382
39194,383
39243,384
39259,385
39510,386
39891,387
39909,388
39943,389
39948,390
39949,394



40844,395
41560,397

41562,398
41782,401


42213,403

42618,404
42628,405
43334,407

43335,408
44565,409
44642,410
44648,414



45009,415
45038,424








45039,436











45044,438

45359,442



45361,446



45876,449


48197,450
48248,456





48511,460



48873,462

48874,466



49090,468

49092,470

49657,472

50294,473
50957,474
50958,475
50959,476
51669,478

52094,479
52283,480
52655,481
52817,482
53069,483
53516,484
54242,485
54361,486
54362,487
54364,488
55592,489
56410,490
56412,492

56680,494

56816,498



57300,501


57807,502
58241,508





58535,509
58992,511

58993,512
59837,514

59846,516

60057,518

60171,519
60227,521

60229,523

60231,525

60234,526
60235,527
60241,530


60243,531
60247,532
60275,533
60293,535

61810,537

61923,538
61966,539
61998,541

62030,543

62031,546


62033,550



62257,553


62517,554
62518,560





62816,564



62944,566

62945,570



62967,572

62968,576



63449,579


63700,580
64031,586





64384,589


64667,592


64788,596



64793,598

64794,602



64796,606



64804,618











64806,622



64807,624

64810,628



64864,632



64925,638





64939,643




65000,644
65002,650





65024,654



65037,658



65067,661


65106,664


65108,670





65138,674



65140